w[0]: 61.4867
w[1]: 61.4867
w[2]: 61.4867
w[3]: 61.4867
w[4]: 61.4867
w[5]: 61.4867
w[6]: 61.4867
w[7]: 61.4867
w[8]: 61.4867
w[9]: 61.4867
w[10]: 61.4867
w[11]: 61.4867
w[12]: 61.4867
w[13]: 61.4867
w[14]: 61.4867
w[15]: 61.4867
w[16]: 61.4867
w[17]: 61.4867
w[18]: 61.4867
w[19]: 61.4867
w[20]: 61.4867
w[21]: 61.4867
w[22]: 61.4867
w[23]: 61.4867
w[24]: 61.4867
w[25]: 61.4867
w[26]: 61.4867
w[27]: 61.4867
w[28]: 61.4867
w[29]: 61.4867
w[30]: 61.4867
w[31]: 61.4867
w[32]: 61.4867
w[33]: 61.4867
w[34]: 61.4867
w[35]: 61.4867
w[36]: 61.4867
w[37]: 61.4867
w[38]: 61.4867
w[39]: 61.4867
w[40]: 61.4867
w[41]: 61.4867
w[42]: 61.4867
w[43]: 61.4867
w[44]: 61.4867
w[45]: 61.4867
w[46]: 61.4867
w[47]: 61.4867
w[48]: 61.4867
w[49]: 61.4867
w[50]: 61.4867
w[51]: 61.4867
w[52]: 61.4867
w[53]: 61.4867
w[54]: 61.4867
w[55]: 61.4867
w[56]: 61.4867
w[57]: 61.4867
w[58]: 61.4867
w[59]: 61.4867
w[60]: 61.4867
w[61]: 61.4867
w[62]: 61.4867
w[63]: 61.4867
w[64]: 61.4867
w[65]: 61.4867
w[66]: 61.4867
w[67]: 61.4867
w[68]: 61.4867
w[69]: 61.4867
w[70]: 61.4867
w[71]: 61.4867
w[72]: 61.4867
w[73]: 61.4867
w[74]: 61.4867
w[75]: 61.4867
w[76]: 61.4867
w[77]: 61.4867
w[78]: 61.4867
w[79]: 61.4867
w[80]: 61.4867
w[81]: 61.4867
w[82]: 61.4867
w[83]: 61.4867
w[84]: 61.4867
w[85]: 61.4867
w[86]: 61.4867
w[87]: 61.4867
w[88]: 61.4867
w[89]: 61.4867
w[90]: 61.4867
w[91]: 61.4867
w[92]: 61.4867
w[93]: 61.4867
w[94]: 61.4867
w[95]: 61.4867
w[96]: 61.4867
w[97]: 61.4867
w[98]: 61.4867
w[99]: 61.4867
w[100]: 61.4867
w[101]: 61.4867
w[102]: 61.4867
w[103]: 61.4867
w[104]: 61.4867
w[105]: 61.4867
w[106]: 61.4867
w[107]: 61.4867
w[108]: 61.4867
w[109]: 61.4867
w[110]: 61.4867
w[111]: 61.4867
w[112]: 61.4867
w[113]: 61.4867
w[114]: 61.4867
w[115]: 61.4867
w[116]: 61.4867
w[117]: 61.4867
w[118]: 61.4867
w[119]: 61.4867
w[120]: 61.4867
w[121]: 61.4867
w[122]: 61.4867
w[123]: 61.4867
w[124]: 61.4867
w[125]: 61.4867
1	0	1	0
1	1	0	0
1	1	0	0
1	0	1	0
1	1	0	0
1	1	0	0
1	1	0	0
1	0	1	0
1	1	0	0
1	1	0	0
1	1	0	0
1	1	0	0
1	1	0	0
1	1	0	0
1	1	0	0
1	0	1	0
1	0	1	0
1	0	1	0
1	1	0	0
1	0	1	0
1	1	0	0
1	1	0	0
1	0	1	0
1	1	0	0
1	1	0	0
1	0	1	0
1	1	0	0
1	1	0	0
1	1	0	0
1	1	0	0
1	1	0	0
1	1	0	0
1	1	0	0
1	1	0	0
1	1	0	0
1	1	0	0
1	1	0	0
1	1	0	0
1	1	0	0
1	1	0	0
1	1	0	0
1	1	0	0
1	1	0	0
1	0	1	0
1	1	0	0
1	1	0	0
1	1	0	0
1	1	0	0
1	1	0	0
1	1	0	0
1	1	0	0
1	1	0	0
1	1	0	0
1	1	0	0
1	1	0	0
1	1	0	0
1	1	0	0
1	1	0	0
1	1	0	0
1	1	0	0
1	1	0	0
1	1	0	0
1	1	0	0
1	0	1	0
1	1	0	0
1	1	0	0
1	1	0	0
1	1	0	0
1	1	0	0
1	1	0	0
1	1	0	0
1	1	0	0
1	1	0	0
1	1	0	0
1	1	0	0
1	1	0	0
1	1	0	0
1	1	0	0
1	1	0	0
1	1	0	0
1	1	0	0
1	1	0	0
1	1	0	0
1	1	0	0
1	1	0	0
1	1	0	0
1	1	0	0
1	1	0	0
1	1	0	0
1	0	1	0
1	1	0	0
1	1	0	0
1	1	0	0
1	1	0	0
1	1	0	0
1	1	0	0
1	0	1	0
1	1	0	0
1	1	0	0
1	1	0	0
1	1	0	0
1	1	0	0
1	1	0	0
1	1	0	0
1	1	0	0
1	1	0	0
1	1	0	0
1	1	0	0
1	0	1	0
1	1	0	0
1	1	0	0
1	0	1	0
1	1	0	0
1	1	0	0
1	1	0	0
1	1	0	0
1	1	0	0
1	1	0	0
1	1	0	0
1	1	0	0
1	1	0	0
1	1	0	0
1	1	0	0
1	1	0	0
1	1	0	0
1	1	0	0
1	1	0	0
1	1	0	0
1	1	0	0
1	1	0	0
1	1	0	0
1	1	0	0
1	1	0	0
1	1	0	0
1	1	0	0
1	1	0	0
1	1	0	0
1	1	0	0
1	1	0	0
1	1	0	0
1	1	0	0
1	1	0	0
1	1	0	0
1	1	0	0
1	1	0	0
1	0	1	0
1	1	0	0
1	1	0	0
1	1	0	0
1	1	0	0
1	0	1	0
1	1	0	0
1	1	0	0
1	1	0	0
1	1	0	0
1	1	0	0
1	1	0	0
1	1	0	0
1	1	0	0
1	1	0	0
1	1	0	0
1	1	0	0
1	1	0	0
1	1	0	0
1	1	0	0
1	1	0	0
1	1	0	0
1	1	0	0
1	1	0	0
1	1	0	0
1	1	0	0
1	1	0	0
1	1	0	0
1	1	0	0
1	1	0	0
1	1	0	0
1	1	0	0
1	1	0	0
1	1	0	0
1	0	1	0
1	1	0	0
1	1	0	0
1	1	0	0
1	1	0	0
1	1	0	0
1	0	1	0
1	1	0	0
1	0	1	0
1	1	0	0
1	1	0	0
1	1	0	0
1	1	0	0
1	1	0	0
1	1	0	0
1	1	0	0
1	1	0	0
1	0	1	0
1	1	0	0
1	1	0	0
1	1	0	0
1	1	0	0
1	1	0	0
1	1	0	0
1	0	1	0
1	1	0	0
1	1	0	0
1	1	0	0
1	1	0	0
1	1	0	0
1	1	0	0
1	0	1	0
1	1	0	0
1	1	0	0
1	1	0	0
1	1	0	0
1	1	0	0
1	1	0	0
1	0	1	0
1	1	0	0
1	1	0	0
1	1	0	0
1	1	0	0
1	0	1	0
1	1	0	0
1	1	0	0
1	1	0	0
1	1	0	0
1	1	0	0
1	1	0	0
1	1	0	0
1	1	0	0
1	1	0	0
1	1	0	0
1	1	0	0
1	1	0	0
1	1	0	0
1	1	0	0
1	1	0	0
1	1	0	0
1	1	0	0
1	1	0	0
1	1	0	0
1	1	0	0
1	1	0	0
1	1	0	0
1	1	0	0
1	1	0	0
1	1	0	0
1	1	0	0
1	1	0	0
1	1	0	0
1	1	0	0
1	1	0	0
1	1	0	0
1	1	0	0
1	1	0	0
1	1	0	0
1	1	0	0
1	0	1	0
1	1	0	0
1	0	1	0
1	1	0	0
1	1	0	0
1	1	0	0
1	1	0	0
1	1	0	0
1	1	0	0
1	1	0	0
1	1	0	0
1	1	0	0
1	1	0	0
1	1	0	0
1	1	0	0
1	1	0	0
1	1	0	0
1	1	0	0
1	1	0	0
1	1	0	0
1	1	0	0
1	1	0	0
1	0	1	0
1	1	0	0
1	1	0	0
1	1	0	0
1	1	0	0
1	1	0	0
1	1	0	0
1	1	0	0
1	1	0	0
1	1	0	0
1	1	0	0
1	1	0	0
1	1	0	0
1	1	0	0
1	0	1	0
1	1	0	0
1	1	0	0
1	1	0	0
1	1	0	0
1	0	1	0
1	1	0	0
1	1	0	0
1	1	0	0
1	1	0	0
1	1	0	0
1	1	0	0
1	1	0	0
1	1	0	0
1	1	0	0
1	1	0	0
1	1	0	0
1	1	0	0
1	1	0	0
1	1	0	0
1	1	0	0
1	1	0	0
1	1	0	0
1	1	0	0
1	1	0	0
1	1	0	0
1	1	0	0
1	1	0	0
1	1	0	0
1	1	0	0
1	0	1	0
1	1	0	0
1	1	0	0
1	0	1	0
1	1	0	0
1	1	0	0
1	1	0	0
1	1	0	0
1	0	1	0
1	1	0	0
1	1	0	0
1	1	0	0
1	1	0	0
1	1	0	0
1	1	0	0
1	1	0	0
1	1	0	0
1	1	0	0
1	1	0	0
1	1	0	0
1	1	0	0
1	1	0	0
1	1	0	0
1	1	0	0
1	1	0	0
1	1	0	0
1	1	0	0
1	1	0	0
1	1	0	0
1	1	0	0
1	1	0	0
1	1	0	0
1	1	0	0
1	1	0	0
1	1	0	0
1	1	0	0
1	1	0	0
1	1	0	0
1	1	0	0
1	1	0	0
1	1	0	0
1	1	0	0
1	1	0	0
1	1	0	0
1	1	0	0
1	1	0	0
1	1	0	0
1	1	0	0
1	1	0	0
1	1	0	0
1	1	0	0
1	1	0	0
1	1	0	0
1	1	0	0
1	1	0	0
1	1	0	0
1	1	0	0
1	1	0	0
1	1	0	0
1	1	0	0
1	1	0	0
1	1	0	0
1	1	0	0
1	0	1	0
1	0	1	0
1	1	0	0
1	1	0	0
1	1	0	0
1	1	0	0
1	1	0	0
1	1	0	0
1	1	0	0
1	0	1	0
1	1	0	0
1	1	0	0
1	1	0	0
1	1	0	0
1	1	0	0
1	1	0	0
1	1	0	0
1	1	0	0
1	1	0	0
1	1	0	0
1	1	0	0
1	1	0	0
1	1	0	0
1	1	0	0
1	1	0	0
1	0	1	0
1	1	0	0
1	1	0	0
1	1	0	0
1	1	0	0
1	1	0	0
1	1	0	0
1	1	0	0
1	0	1	0
1	1	0	0
1	0	1	0
1	1	0	0
1	1	0	0
1	1	0	0
1	1	0	0
1	1	0	0
1	1	0	0
1	1	0	0
1	1	0	0
1	1	0	0
1	1	0	0
1	1	0	0
1	1	0	0
1	1	0	0
1	1	0	0
1	0	1	0
1	1	0	0
1	1	0	0
1	1	0	0
1	1	0	0
1	1	0	0
1	1	0	0
1	0	1	0
1	1	0	0
1	1	0	0
1	0	1	0
1	1	0	0
1	1	0	0
1	1	0	0
1	1	0	0
1	1	0	0
1	1	0	0
1	1	0	0
1	1	0	0
1	0	1	0
1	1	0	0
1	1	0	0
1	1	0	0
1	1	0	0
1	1	0	0
1	1	0	0
1	1	0	0
1	0	1	0
1	1	0	0
1	1	0	0
1	0	1	0
1	1	0	0
1	0	1	0
1	1	0	0
1	1	0	0
1	0	1	0
1	0	1	0
1	1	0	0
1	1	0	0
1	1	0	0
1	1	0	0
1	1	0	0
1	1	0	0
1	1	0	0
1	1	0	0
1	1	0	0
1	1	0	0
1	1	0	0
1	0	1	0
1	1	0	0
1	1	0	0
1	1	0	0
1	1	0	0
1	1	0	0
1	1	0	0
1	1	0	0
1	1	0	0
1	1	0	0
1	1	0	0
1	1	0	0
1	1	0	0
1	1	0	0
1	1	0	0
1	1	0	0
1	1	0	0
1	1	0	0
1	1	0	0
1	1	0	0
1	1	0	0
1	1	0	0
1	1	0	0
1	1	0	0
1	1	0	0
1	1	0	0
1	1	0	0
1	1	0	0
1	1	0	0
1	1	0	0
1	1	0	0
1	1	0	0
1	1	0	0
1	1	0	0
1	1	0	0
1	1	0	0
1	0	1	0
1	0	1	0
1	1	0	0
1	1	0	0
1	1	0	0
1	1	0	0
1	1	0	0
1	1	0	0
1	1	0	0
1	0	1	0
1	0	1	0
1	1	0	0
1	1	0	0
1	1	0	0
1	1	0	0
1	1	0	0
1	1	0	0
1	1	0	0
1	1	0	0
1	1	0	0
1	1	0	0
1	1	0	0
1	1	0	0
1	1	0	0
1	1	0	0
1	1	0	0
1	1	0	0
1	1	0	0
1	1	0	0
1	1	0	0
1	1	0	0
1	1	0	0
1	1	0	0
1	1	0	0
1	0	1	0
1	1	0	0
1	1	0	0
1	0	1	0
1	1	0	0
1	0	1	0
1	1	0	0
1	1	0	0
1	1	0	0
1	1	0	0
1	1	0	0
1	1	0	0
1	1	0	0
1	1	0	0
1	1	0	0
1	1	0	0
1	1	0	0
1	1	0	0
1	1	0	0
1	1	0	0
1	1	0	0
1	1	0	0
1	1	0	0
1	0	1	0
1	1	0	0
1	1	0	0
1	1	0	0
1	1	0	0
1	1	0	0
1	0	1	0
1	1	0	0
1	1	0	0
1	1	0	0
1	0	1	0
1	1	0	0
1	1	0	0
1	1	0	0
1	1	0	0
1	1	0	0
1	1	0	0
1	1	0	0
1	1	0	0
1	1	0	0
1	0	1	0
1	1	0	0
1	1	0	0
1	1	0	0
1	1	0	0
1	1	0	0
1	1	0	0
1	1	0	0
1	1	0	0
1	1	0	0
1	1	0	0
1	1	0	0
1	1	0	0
1	1	0	0
1	1	0	0
1	1	0	0
1	1	0	0
1	1	0	0
1	1	0	0
1	1	0	0
1	1	0	0
1	1	0	0
1	0	1	0
1	1	0	0
1	1	0	0
1	1	0	0
1	1	0	0
1	1	0	0
1	1	0	0
1	1	0	0
1	1	0	0
1	1	0	0
1	1	0	0
1	0	1	0
1	0	1	0
1	1	0	0
1	1	0	0
1	0	1	0
1	1	0	0
1	0	1	0
1	1	0	0
1	1	0	0
1	1	0	0
1	1	0	0
1	1	0	0
1	1	0	0
1	1	0	0
1	1	0	0
1	0	1	0
1	0	1	0
1	1	0	0
1	1	0	0
1	1	0	0
1	1	0	0
1	1	0	0
1	1	0	0
1	1	0	0
1	1	0	0
1	1	0	0
1	1	0	0
1	1	0	0
1	1	0	0
1	1	0	0
1	1	0	0
1	1	0	0
1	0	1	0
1	1	0	0
1	0	1	0
1	1	0	0
1	1	0	0
1	1	0	0
1	1	0	0
1	1	0	0
1	1	0	0
1	1	0	0
1	1	0	0
1	1	0	0
1	1	0	0
1	1	0	0
1	1	0	0
1	1	0	0
1	1	0	0
1	1	0	0
1	1	0	0
1	1	0	0
1	1	0	0
1	1	0	0
1	1	0	0
1	1	0	0
1	1	0	0
1	1	0	0
1	1	0	0
1	1	0	0
1	1	0	0
1	1	0	0
1	1	0	0
1	1	0	0
1	1	0	0
1	1	0	0
1	1	0	0
1	1	0	0
1	1	0	0
1	1	0	0
1	1	0	0
1	1	0	0
1	1	0	0
1	1	0	0
1	1	0	0
1	1	0	0
1	1	0	0
1	1	0	0
1	1	0	0
1	1	0	0
1	1	0	0
1	1	0	0
1	1	0	0
1	1	0	0
1	1	0	0
1	1	0	0
1	1	0	0
1	1	0	0
1	1	0	0
1	0	1	0
1	0	1	0
1	0	1	0
1	1	0	0
1	1	0	0
1	1	0	0
1	1	0	0
1	1	0	0
1	1	0	0
1	1	0	0
1	1	0	0
1	1	0	0
1	1	0	0
1	1	0	0
1	1	0	0
1	1	0	0
1	1	0	0
1	1	0	0
1	1	0	0
1	0	1	0
1	1	0	0
1	1	0	0
1	1	0	0
1	1	0	0
1	0	1	0
1	1	0	0
1	1	0	0
1	1	0	0
1	1	0	0
1	1	0	0
1	1	0	0
1	1	0	0
1	1	0	0
1	1	0	0
1	1	0	0
1	1	0	0
1	1	0	0
1	1	0	0
1	1	0	0
1	1	0	0
1	1	0	0
1	1	0	0
1	1	0	0
1	1	0	0
1	1	0	0
1	1	0	0
1	1	0	0
1	1	0	0
1	1	0	0
1	0	1	0
1	1	0	0
1	1	0	0
1	1	0	0
1	1	0	0
1	1	0	0
1	1	0	0
1	1	0	0
1	1	0	0
1	1	0	0
1	1	0	0
1	1	0	0
1	1	0	0
1	1	0	0
1	1	0	0
1	0	1	0
1	1	0	0
1	1	0	0
1	1	0	0
1	1	0	0
1	1	0	0
1	1	0	0
1	1	0	0
1	1	0	0
1	1	0	0
1	1	0	0
1	1	0	0
1	1	0	0
1	1	0	0
1	1	0	0
1	0	1	0
1	1	0	0
1	1	0	0
1	1	0	0
1	1	0	0
1	1	0	0
1	1	0	0
1	1	0	0
1	1	0	0
1	1	0	0
1	1	0	0
1	1	0	0
1	1	0	0
1	0	1	0
1	1	0	0
1	1	0	0
1	1	0	0
1	1	0	0
1	0	1	0
1	0	1	0
1	1	0	0
1	1	0	0
1	1	0	0
1	1	0	0
1	0	1	0
1	1	0	0
1	1	0	0
1	1	0	0
1	1	0	0
1	1	0	0
1	1	0	0
1	1	0	0
1	0	1	0
1	1	0	0
1	1	0	0
1	1	0	0
1	1	0	0
1	1	0	0
1	1	0	0
1	1	0	0
1	0	1	0
1	1	0	0
1	1	0	0
1	1	0	0
1	1	0	0
1	1	0	0
1	1	0	0
1	1	0	0
1	1	0	0
1	1	0	0
1	1	0	0
1	1	0	0
1	1	0	0
1	0	1	0
1	1	0	0
1	1	0	0
1	1	0	0
1	1	0	0
1	1	0	0
1	1	0	0
1	0	1	0
1	1	0	0
1	1	0	0
1	1	0	0
1	1	0	0
1	0	1	0
1	1	0	0
1	1	0	0
1	0	1	0
1	1	0	0
1	1	0	0
1	1	0	0
1	0	1	0
1	1	0	0
1	1	0	0
1	1	0	0
1	1	0	0
1	1	0	0
1	0	1	0
1	1	0	0
1	1	0	0
1	1	0	0
1	1	0	0
1	1	0	0
1	0	1	0
1	1	0	0
1	1	0	0
1	1	0	0
1	1	0	0
1	1	0	0
1	0	1	0
1	1	0	0
1	1	0	0
1	1	0	0
1	1	0	0
1	1	0	0
1	1	0	0
1	1	0	0
1	1	0	0
1	1	0	0
1	1	0	0
1	1	0	0
1	1	0	0
1	1	0	0
1	1	0	0
1	0	1	0
1	1	0	0
1	1	0	0
1	1	0	0
1	1	0	0
1	1	0	0
1	1	0	0
1	1	0	0
1	1	0	0
1	1	0	0
1	1	0	0
1	1	0	0
1	1	0	0
1	1	0	0
1	1	0	0
1	1	0	0
1	0	1	0
1	1	0	0
1	0	1	0
1	1	0	0
1	1	0	0
1	1	0	0
1	1	0	0
1	1	0	0
1	1	0	0
1	1	0	0
1	1	0	0
1	1	0	0
1	1	0	0
1	0	1	0
1	1	0	0
1	1	0	0
1	1	0	0
1	1	0	0
1	1	0	0
1	1	0	0
1	1	0	0
1	1	0	0
1	1	0	0
1	1	0	0
1	1	0	0
1	1	0	0
1	1	0	0
1	1	0	0
1	1	0	0
1	1	0	0
1	0	1	0
1	1	0	0
1	1	0	0
1	1	0	0
1	1	0	0
1	1	0	0
1	1	0	0
1	1	0	0
1	1	0	0
1	1	0	0
1	1	0	0
1	1	0	0
1	1	0	0
1	1	0	0
1	0	1	0
1	1	0	0
1	0	1	0
1	1	0	0
1	1	0	0
1	1	0	0
1	1	0	0
1	1	0	0
1	1	0	0
1	0	1	0
1	1	0	0
1	1	0	0
1	1	0	0
1	1	0	0
1	1	0	0
1	1	0	0
1	1	0	0
1	1	0	0
1	1	0	0
1	0	1	0
1	1	0	0
1	1	0	0
1	1	0	0
1	1	0	0
1	1	0	0
1	1	0	0
1	1	0	0
1	1	0	0
1	0	1	0
1	1	0	0
1	0	1	0
1	1	0	0
1	1	0	0
1	1	0	0
1	1	0	0
1	1	0	0
1	1	0	0
1	1	0	0
1	0	1	0
1	0	1	0
1	1	0	0
1	0	1	0
1	1	0	0
1	1	0	0
1	0	1	0
1	0	1	0
1	0	1	0
1	0	1	0
1	1	0	0
1	1	0	0
1	1	0	0
1	0	1	0
1	1	0	0
1	1	0	0
1	0	1	0
1	1	0	0
1	1	0	0
1	0	1	0
1	1	0	0
1	1	0	0
1	1	0	0
1	1	0	0
1	1	0	0
1	1	0	0
1	1	0	0
1	1	0	0
1	1	0	0
1	0	1	0
1	1	0	0
1	1	0	0
1	0	1	0
1	1	0	0
1	1	0	0
1	1	0	0
1	1	0	0
1	1	0	0
1	1	0	0
1	1	0	0
1	1	0	0
1	1	0	0
1	1	0	0
1	1	0	0
1	1	0	0
1	1	0	0
1	1	0	0
1	1	0	0
1	1	0	0
1	0	1	0
1	1	0	0
1	1	0	0
1	1	0	0
1	1	0	0
1	1	0	0
1	1	0	0
1	0	1	0
1	1	0	0
1	1	0	0
1	1	0	0
1	1	0	0
1	1	0	0
1	1	0	0
1	1	0	0
1	1	0	0
1	1	0	0
1	1	0	0
1	1	0	0
1	1	0	0
1	1	0	0
1	1	0	0
1	1	0	0
1	0	1	0
1	1	0	0
1	1	0	0
1	1	0	0
1	0	1	0
1	1	0	0
1	1	0	0
1	1	0	0
1	1	0	0
1	1	0	0
1	1	0	0
1	1	0	0
1	1	0	0
1	1	0	0
1	1	0	0
1	1	0	0
1	1	0	0
1	0	1	0
1	1	0	0
1	1	0	0
1	1	0	0
1	1	0	0
1	1	0	0
1	1	0	0
1	1	0	0
1	1	0	0
1	1	0	0
1	0	1	0
1	1	0	0
1	0	1	0
1	1	0	0
1	0	1	0
1	1	0	0
1	0	1	0
1	1	0	0
1	1	0	0
1	1	0	0
1	1	0	0
1	1	0	0
1	1	0	0
1	1	0	0
1	1	0	0
1	1	0	0
1	1	0	0
1	1	0	0
1	1	0	0
1	1	0	0
1	1	0	0
1	1	0	0
1	0	1	0
1	1	0	0
1	1	0	0
1	1	0	0
1	1	0	0
1	1	0	0
1	1	0	0
1	1	0	0
1	1	0	0
1	1	0	0
1	1	0	0
1	1	0	0
1	1	0	0
1	1	0	0
1	0	1	0
1	1	0	0
1	1	0	0
1	1	0	0
1	1	0	0
1	1	0	0
1	1	0	0
1	1	0	0
1	0	1	0
1	1	0	0
1	1	0	0
1	0	1	0
1	0	1	0
1	0	1	0
1	1	0	0
1	0	1	0
1	1	0	0
1	1	0	0
1	1	0	0
1	1	0	0
1	1	0	0
1	0	1	0
1	0	1	0
1	1	0	0
1	1	0	0
1	1	0	0
1	1	0	0
1	0	1	0
1	1	0	0
1	0	1	0
1	1	0	0
1	1	0	0
1	1	0	0
1	1	0	0
1	1	0	0
1	0	1	0
1	1	0	0
1	1	0	0
1	1	0	0
1	1	0	0
1	1	0	0
1	1	0	0
1	1	0	0
1	1	0	0
1	0	1	0
1	1	0	0
1	1	0	0
1	1	0	0
1	1	0	0
1	1	0	0
1	1	0	0
1	1	0	0
1	1	0	0
1	1	0	0
1	0	1	0
1	1	0	0
1	1	0	0
1	1	0	0
1	1	0	0
1	1	0	0
1	1	0	0
1	1	0	0
1	1	0	0
1	1	0	0
1	1	0	0
1	1	0	0
1	1	0	0
1	1	0	0
1	1	0	0
1	1	0	0
1	0	1	0
1	1	0	0
1	1	0	0
1	1	0	0
1	1	0	0
1	1	0	0
1	1	0	0
1	1	0	0
1	1	0	0
1	1	0	0
1	1	0	0
1	1	0	0
1	1	0	0
1	1	0	0
1	1	0	0
1	1	0	0
1	1	0	0
1	1	0	0
1	1	0	0
1	1	0	0
1	1	0	0
1	1	0	0
1	0	1	0
1	1	0	0
1	1	0	0
1	0	1	0
1	1	0	0
1	0	1	0
1	1	0	0
1	1	0	0
1	0	1	0
1	1	0	0
1	1	0	0
1	1	0	0
1	0	1	0
1	1	0	0
1	1	0	0
1	1	0	0
1	1	0	0
1	1	0	0
1	1	0	0
1	1	0	0
1	1	0	0
1	0	1	0
1	1	0	0
1	1	0	0
1	1	0	0
1	1	0	0
1	1	0	0
1	1	0	0
1	1	0	0
1	1	0	0
1	1	0	0
1	0	1	0
1	1	0	0
1	1	0	0
1	1	0	0
1	1	0	0
1	1	0	0
1	1	0	0
1	1	0	0
1	1	0	0
1	0	1	0
1	1	0	0
1	0	1	0
1	1	0	0
1	1	0	0
1	0	1	0
1	1	0	0
1	0	1	0
1	1	0	0
1	1	0	0
1	1	0	0
1	1	0	0
1	1	0	0
1	1	0	0
1	1	0	0
1	1	0	0
1	1	0	0
1	1	0	0
1	1	0	0
1	1	0	0
1	1	0	0
1	1	0	0
1	1	0	0
1	1	0	0
1	1	0	0
1	1	0	0
1	1	0	0
1	1	0	0
1	1	0	0
1	0	1	0
1	0	1	0
1	1	0	0
1	1	0	0
1	1	0	0
1	1	0	0
1	1	0	0
1	1	0	0
1	1	0	0
1	1	0	0
1	1	0	0
1	1	0	0
1	0	1	0
1	1	0	0
1	1	0	0
1	0	1	0
1	1	0	0
1	1	0	0
1	1	0	0
1	1	0	0
1	0	1	0
1	0	1	0
1	1	0	0
1	1	0	0
1	1	0	0
1	1	0	0
1	1	0	0
1	1	0	0
1	1	0	0
1	1	0	0
1	1	0	0
1	1	0	0
1	1	0	0
1	1	0	0
1	1	0	0
1	1	0	0
1	1	0	0
1	1	0	0
1	1	0	0
1	1	0	0
1	1	0	0
1	1	0	0
1	1	0	0
1	1	0	0
1	0	1	0
1	0	1	0
1	1	0	0
1	0	1	0
1	1	0	0
1	1	0	0
1	1	0	0
1	1	0	0
1	1	0	0
1	1	0	0
1	1	0	0
1	1	0	0
1	1	0	0
1	1	0	0
1	1	0	0
1	1	0	0
1	0	1	0
1	1	0	0
1	1	0	0
1	1	0	0
1	1	0	0
1	1	0	0
1	1	0	0
1	1	0	0
1	1	0	0
1	1	0	0
1	1	0	0
1	1	0	0
1	1	0	0
1	1	0	0
1	1	0	0
1	1	0	0
1	1	0	0
1	0	1	0
1	1	0	0
1	1	0	0
1	1	0	0
1	0	1	0
1	1	0	0
1	1	0	0
1	1	0	0
1	1	0	0
1	1	0	0
1	1	0	0
1	1	0	0
1	1	0	0
1	1	0	0
1	1	0	0
1	1	0	0
1	1	0	0
1	1	0	0
1	0	1	0
1	1	0	0
1	1	0	0
1	1	0	0
1	1	0	0
1	0	1	0
1	1	0	0
1	1	0	0
1	0	1	0
1	1	0	0
1	1	0	0
1	1	0	0
1	0	1	0
1	1	0	0
1	1	0	0
1	1	0	0
1	0	1	0
1	1	0	0
1	0	1	0
1	1	0	0
1	1	0	0
1	1	0	0
1	1	0	0
1	1	0	0
1	0	1	0
1	1	0	0
1	1	0	0
1	1	0	0
1	1	0	0
1	1	0	0
1	1	0	0
1	1	0	0
1	1	0	0
1	0	1	0
1	1	0	0
1	1	0	0
1	1	0	0
1	1	0	0
1	1	0	0
1	1	0	0
1	1	0	0
1	1	0	0
1	1	0	0
1	0	1	0
1	0	1	0
1	1	0	0
1	1	0	0
1	0	1	0
1	1	0	0
1	0	1	0
1	1	0	0
1	1	0	0
1	1	0	0
1	1	0	0
1	1	0	0
1	0	1	0
1	1	0	0
1	1	0	0
1	1	0	0
1	1	0	0
1	1	0	0
1	1	0	0
1	1	0	0
1	1	0	0
1	1	0	0
1	1	0	0
1	1	0	0
1	0	1	0
1	1	0	0
1	0	1	0
1	1	0	0
1	0	1	0
1	1	0	0
1	1	0	0
1	1	0	0
1	0	1	0
1	1	0	0
1	1	0	0
1	1	0	0
1	1	0	0
1	1	0	0
1	1	0	0
1	1	0	0
1	1	0	0
1	1	0	0
1	1	0	0
1	1	0	0
1	1	0	0
1	1	0	0
1	1	0	0
1	1	0	0
1	1	0	0
1	1	0	0
1	1	0	0
1	1	0	0
1	1	0	0
1	1	0	0
1	1	0	0
1	1	0	0
1	1	0	0
1	1	0	0
1	1	0	0
1	1	0	0
1	1	0	0
1	1	0	0
1	1	0	0
1	1	0	0
1	1	0	0
1	1	0	0
1	1	0	0
1	1	0	0
1	1	0	0
1	1	0	0
1	1	0	0
1	1	0	0
1	1	0	0
1	1	0	0
1	1	0	0
1	1	0	0
1	1	0	0
1	1	0	0
1	1	0	0
1	1	0	0
1	1	0	0
1	1	0	0
1	1	0	0
1	0	1	0
1	1	0	0
1	1	0	0
1	1	0	0
1	1	0	0
1	1	0	0
1	1	0	0
1	1	0	0
1	1	0	0
1	1	0	0
1	1	0	0
1	1	0	0
1	1	0	0
1	1	0	0
1	1	0	0
1	1	0	0
1	1	0	0
1	1	0	0
1	1	0	0
1	1	0	0
1	1	0	0
1	1	0	0
1	1	0	0
1	1	0	0
1	1	0	0
1	1	0	0
1	1	0	0
1	1	0	0
1	1	0	0
1	1	0	0
1	1	0	0
1	0	1	0
1	1	0	0
1	1	0	0
1	1	0	0
1	1	0	0
1	1	0	0
1	1	0	0
1	1	0	0
1	1	0	0
1	1	0	0
1	1	0	0
1	1	0	0
1	1	0	0
1	1	0	0
1	1	0	0
1	1	0	0
1	1	0	0
1	1	0	0
1	1	0	0
1	1	0	0
1	1	0	0
1	1	0	0
1	0	1	0
1	1	0	0
1	1	0	0
1	0	1	0
1	1	0	0
1	1	0	0
1	1	0	0
1	1	0	0
1	1	0	0
1	1	0	0
1	1	0	0
1	1	0	0
1	0	1	0
1	1	0	0
1	1	0	0
1	0	1	0
1	1	0	0
1	1	0	0
1	1	0	0
1	1	0	0
1	1	0	0
1	1	0	0
1	1	0	0
1	1	0	0
1	1	0	0
1	0	1	0
1	1	0	0
1	0	1	0
1	1	0	0
1	1	0	0
1	1	0	0
1	1	0	0
1	1	0	0
1	1	0	0
1	1	0	0
1	1	0	0
1	1	0	0
1	1	0	0
1	1	0	0
1	0	1	0
1	1	0	0
1	0	1	0
1	1	0	0
1	1	0	0
1	0	1	0
1	1	0	0
1	1	0	0
1	1	0	0
1	1	0	0
1	1	0	0
1	1	0	0
1	1	0	0
1	1	0	0
1	1	0	0
1	1	0	0
1	1	0	0
1	1	0	0
0	1	0	0
1	0	1	0
1	1	0	0
1	1	0	0
1	1	0	0
1	1	0	0
1	0	1	0
1	1	0	0
1	0	1	0
1	1	0	0
1	0	1	0
1	1	0	0
1	1	0	0
1	1	0	0
1	1	0	0
1	1	0	0
1	1	0	0
1	0	1	0
1	1	0	0
1	1	0	0
1	1	0	0
1	1	0	0
1	1	0	0
1	1	0	0
1	1	0	0
1	0	1	0
1	1	0	0
1	1	0	0
1	1	0	0
1	1	0	0
1	1	0	0
1	1	0	0
1	1	0	0
1	1	0	0
1	1	0	0
1	1	0	0
1	1	0	0
1	0	1	0
1	1	0	0
1	1	0	0
1	1	0	0
1	1	0	0
1	1	0	0
1	1	0	0
1	1	0	0
1	1	0	0
1	1	0	0
1	1	0	0
1	1	0	0
1	1	0	0
1	1	0	0
1	1	0	0
1	0	1	0
1	1	0	0
1	1	0	0
1	1	0	0
1	1	0	0
1	1	0	0
1	1	0	0
1	1	0	0
1	1	0	0
1	1	0	0
1	0	1	0
1	1	0	0
1	0	1	0
1	1	0	0
1	0	1	0
1	1	0	0
1	1	0	0
1	1	0	0
1	1	0	0
1	1	0	0
1	1	0	0
1	1	0	0
1	1	0	0
1	1	0	0
1	1	0	0
1	1	0	0
1	1	0	0
1	1	0	0
1	1	0	0
1	1	0	0
1	1	0	0
1	1	0	0
1	1	0	0
1	1	0	0
1	0	1	0
1	0	1	0
1	1	0	0
1	1	0	0
1	1	0	0
1	1	0	0
1	1	0	0
1	1	0	0
1	1	0	0
1	1	0	0
1	1	0	0
1	1	0	0
1	1	0	0
1	1	0	0
1	1	0	0
1	1	0	0
1	1	0	0
1	1	0	0
1	1	0	0
1	1	0	0
1	1	0	0
1	1	0	0
1	1	0	0
1	1	0	0
1	1	0	0
1	1	0	0
1	1	0	0
1	1	0	0
1	1	0	0
1	0	1	0
1	1	0	0
1	1	0	0
1	1	0	0
1	1	0	0
1	1	0	0
1	1	0	0
1	1	0	0
1	1	0	0
1	1	0	0
1	1	0	0
1	1	0	0
1	1	0	0
1	1	0	0
1	1	0	0
1	1	0	0
1	1	0	0
1	1	0	0
1	1	0	0
1	1	0	0
1	1	0	0
1	1	0	0
1	1	0	0
1	1	0	0
1	0	1	0
1	1	0	0
1	1	0	0
1	1	0	0
1	1	0	0
1	1	0	0
1	1	0	0
1	1	0	0
1	1	0	0
1	0	1	0
1	1	0	0
1	1	0	0
1	1	0	0
1	1	0	0
1	1	0	0
1	1	0	0
1	1	0	0
1	1	0	0
1	1	0	0
1	1	0	0
1	1	0	0
1	0	1	0
1	0	1	0
1	1	0	0
1	1	0	0
1	1	0	0
1	1	0	0
1	0	1	0
1	1	0	0
1	1	0	0
1	1	0	0
1	1	0	0
1	1	0	0
1	1	0	0
1	0	1	0
1	1	0	0
1	1	0	0
1	0	1	0
1	1	0	0
1	1	0	0
1	1	0	0
1	1	0	0
1	1	0	0
1	1	0	0
1	1	0	0
1	1	0	0
1	1	0	0
1	1	0	0
1	1	0	0
1	0	1	0
1	1	0	0
1	1	0	0
1	0	1	0
1	0	1	0
1	1	0	0
1	0	1	0
1	1	0	0
1	1	0	0
1	1	0	0
1	1	0	0
1	1	0	0
1	1	0	0
1	0	1	0
1	1	0	0
1	1	0	0
1	1	0	0
1	1	0	0
1	1	0	0
1	1	0	0
1	1	0	0
1	1	0	0
1	1	0	0
1	1	0	0
1	1	0	0
1	1	0	0
1	1	0	0
1	1	0	0
1	1	0	0
1	1	0	0
1	1	0	0
1	0	1	0
1	1	0	0
1	0	1	0
1	1	0	0
1	1	0	0
1	1	0	0
1	1	0	0
1	1	0	0
1	0	1	0
1	1	0	0
1	1	0	0
1	1	0	0
1	1	0	0
1	1	0	0
1	1	0	0
1	1	0	0
1	1	0	0
1	1	0	0
1	1	0	0
1	0	1	0
1	1	0	0
1	1	0	0
1	1	0	0
1	1	0	0
1	1	0	0
1	1	0	0
1	1	0	0
1	0	1	0
1	1	0	0
1	0	1	0
1	1	0	0
1	1	0	0
1	1	0	0
1	1	0	0
1	1	0	0
1	1	0	0
1	1	0	0
1	1	0	0
1	1	0	0
1	1	0	0
1	0	1	0
1	1	0	0
1	1	0	0
1	1	0	0
1	0	1	0
1	1	0	0
1	0	1	0
1	1	0	0
1	1	0	0
1	1	0	0
1	1	0	0
1	1	0	0
1	1	0	0
1	1	0	0
1	0	1	0
1	1	0	0
1	1	0	0
1	1	0	0
1	1	0	0
1	1	0	0
1	1	0	0
1	0	1	0
1	1	0	0
1	1	0	0
1	1	0	0
1	1	0	0
1	1	0	0
1	1	0	0
1	1	0	0
1	1	0	0
1	1	0	0
1	1	0	0
1	1	0	0
1	0	1	0
1	1	0	0
1	1	0	0
1	0	1	0
1	1	0	0
1	1	0	0
1	0	1	0
1	1	0	0
1	1	0	0
1	1	0	0
1	0	1	0
1	1	0	0
1	1	0	0
1	1	0	0
1	1	0	0
1	0	1	0
1	1	0	0
1	1	0	0
1	1	0	0
1	1	0	0
1	1	0	0
1	1	0	0
1	1	0	0
1	0	1	0
1	0	1	0
1	1	0	0
1	1	0	0
1	1	0	0
1	1	0	0
1	1	0	0
1	1	0	0
1	1	0	0
1	1	0	0
1	1	0	0
1	1	0	0
1	1	0	0
1	1	0	0
1	1	0	0
1	1	0	0
1	1	0	0
1	1	0	0
1	1	0	0
1	1	0	0
1	1	0	0
1	1	0	0
1	1	0	0
1	1	0	0
1	1	0	0
1	1	0	0
1	1	0	0
1	1	0	0
1	1	0	0
1	1	0	0
1	0	1	0
1	1	0	0
1	0	1	0
1	1	0	0
1	1	0	0
1	1	0	0
1	1	0	0
1	1	0	0
1	1	0	0
1	1	0	0
1	1	0	0
1	1	0	0
1	1	0	0
1	0	1	0
1	1	0	0
1	1	0	0
1	1	0	0
1	0	1	0
1	1	0	0
1	1	0	0
1	1	0	0
1	1	0	0
1	1	0	0
1	1	0	0
1	1	0	0
1	1	0	0
1	1	0	0
1	1	0	0
1	1	0	0
1	1	0	0
1	1	0	0
1	0	1	0
1	1	0	0
1	1	0	0
1	1	0	0
1	1	0	0
1	0	1	0
1	1	0	0
1	1	0	0
1	1	0	0
1	1	0	0
1	1	0	0
1	1	0	0
1	1	0	0
1	1	0	0
1	0	1	0
1	1	0	0
1	1	0	0
1	1	0	0
1	1	0	0
1	1	0	0
1	1	0	0
1	1	0	0
1	1	0	0
1	1	0	0
1	1	0	0
1	1	0	0
1	1	0	0
1	1	0	0
0	1	0	0
